15 0 5
203 0 5
138 0 5
14 0 74
124 0 131
175 0 17
254 0 131
198 0 251
88 0 132
111 0 176
37 0 80
200 0 74
162 0 5
46 0 131
181 0 5
147 0 251
36 0 5
47 0 17
42 0 164
149 0 137
2 0 127
194 0 251
3 0 122
19 0 5
212 0 251
116 0 5
277 0 164
51 0 5
220 0 5
247 0 7
85 0 132
134 0 164
202 0 5
51 1 206
83 0 221
165 1 47
44 1 140
252 1 244
75 0 79
183 0 109
156 0 12
191 0 5
199 0 5
249 1 37
201 0 79
56 1 0
90 0 95
93 1 226
211 0 251
34 0 5
102 0 7
153 0 74
30 1 271
206 1 51
185 1 231
202 0 7
65 1 210
273 1 230
32 0 7
136 1 73
64 0 164
209 0 264
265 0 162
150 1 77
41 1 209
275 0 79
28 1 6
84 1 135
101 0 79
217 1 13
248 0 100
212 1 50
242 0 218
163 0 251
56 1 246
247 0 5
83 0 74
156 1 169
41 1 265
89 1 196
35 1 225
236 1 201
65 1 15
238 1 76
85 0 251
13 0 122
248 0 251
135 1 206
8 1 202
24 0 251
103 0 5
274 0 5
153 0 221
103 1 173
3 0 5
103 1 226
252 0 19
32 1 247
9 1 40
124 0 5
237 0 162
135 0 122
81 0 19
104 0 245
234 0 12
239 1 209
41 1 66
60 0 100
249 1 166
199 1 184
261 0 176
44 1 41
57 1 32
68 1 41
185 1 89
271 1 30
68 0 162
125 0 79
101 0 218
150 1 185
63 0 80
209 1 244
165 1 255
186 1 239
192 0 251
150 0 267
191 0 19
256 1 16
2 1 273
44 1 29
67 0 251
207 1 22
35 0 80
40 1 154
238 1 101
56 1 180
22 0 12
145 0 21
68 1 209
28 1 59
206 0 12
108 0 79
219 0 95
238 0 218
208 1 20
68 1 265
8 1 215
22 1 156
36 1 226
13 0 5
58 0 137
87 0 251
151 1 65
121 0 251
276 0 21
33 1 184
119 1 89
82 1 97
219 0 74
33 0 5
141 1 189
10 1 225
165 0 17
200 0 221
36 0 227
136 0 19
231 1 196
271 1 40
214 0 251
196 1 231
179 1 37
255 1 165
61 0 12
97 0 5
93 1 34
209 1 239
93 0 264
140 0 5
155 0 79
211 1 107
27 1 125
220 1 102
247 1 15
256 0 80
239 0 264
204 0 7
57 0 5
226 1 173
232 0 5
236 1 165
129 0 251
235 0 137
97 0 267
212 1 88
23 1 129
50 1 271
94 0 162
159 1 258
48 1 16
244 0 19
147 0 100
27 1 187
118 1 202
174 0 5
275 1 160
158 1 238
101 1 272
256 0 79
160 1 27
135 1 138
198 1 212
97 1 77
151 1 130
209 0 5
47 1 165
1 0 5
125 1 27
276 1 156
152 0 164
273 1 101
133 1 187
152 0 251
32 1 204
245 0 5
196 0 5
103 0 264
4 0 5
265 1 126
110 0 5
106 0 164
268 0 164
222 0 79
273 1 165
46 1 246
207 0 12
275 1 27
16 1 48
39 1 33
129 1 23
71 0 132
271 0 251
259 0 251
275 0 17
262 0 5
36 1 93
54 0 5
25 0 79
159 0 100
198 1 88
188 1 187
225 1 35
223 1 187
36 1 142
182 0 95
187 0 17
104 0 5
171 0 95
16 1 256
122 0 5
194 0 164
231 1 185
226 1 113
266 1 217
27 1 188
51 0 12
206 1 135
169 0 12
150 0 5
9 1 154
210 0 7
207 0 5
114 0 251
185 1 124
154 0 132
41 0 245
41 1 206
92 0 251
265 0 5
240 1 247
209 1 252
230 0 79
117 0 95
22 1 207
124 1 246
270 0 7
168 0 251
185 0 5
231 1 82
34 0 131
119 0 5
201 1 165
33 1 199
26 1 228
257 0 19
77 1 150
160 1 188
212 1 271
180 1 37
213 1 216
216 0 251
189 0 5
247 1 240
249 1 35
161 1 238
6 1 188
77 1 185
165 0 79
151 1 15
142 1 239
222 0 80
65 0 5
77 0 267
180 0 79
243 0 164
103 1 8
22 1 51
39 1 93
240 1 32
217 1 247
226 0 264
238 1 272
254 0 5
20 1 0
209 1 49
188 1 128
173 1 226
192 1 211
246 0 131
77 0 5
26 0 245
255 0 79
161 1 160
41 1 140
187 1 59
217 1 220
89 1 119
167 0 251
203 1 33
240 0 7
113 0 264
29 0 12
262 1 185
189 0 19
154 1 9
142 0 264
42 0 251
266 1 102
0 1 208
94 1 237
208 0 127
226 1 239
72 0 251
76 1 101
2 1 130
160 1 161
36 1 196
32 1 57
212 1 30
212 0 132
228 1 26
158 0 79
263 0 5
211 1 216
202 1 118
249 1 225
188 1 148
41 1 13
265 1 68
60 1 147
210 1 65
224 0 95
48 1 179
130 1 2
239 1 82
154 1 212
222 1 179
26 1 41
271 1 50
166 1 249
226 1 93
20 1 166
102 1 202
30 1 9
113 1 239
88 1 198
25 0 17
249 1 179
102 1 220
185 1 150
203 0 131
165 1 236
246 1 56
99 0 109
212 1 168
204 0 5
88 0 251
26 1 209
157 0 21
59 1 28
47 1 236
186 0 5
187 1 223
93 1 196
169 0 5
230 1 47
28 1 188
15 1 32
142 1 196
273 0 79
39 1 233
160 0 218
32 1 15
247 1 65
165 1 273
20 1 273
148 0 79
188 1 6
48 0 79
9 1 212
69 0 251
196 1 142
239 0 5
82 1 150
60 0 251
140 1 44
28 1 133
65 1 151
184 0 131
20 0 127
0 1 180
131 0 5
160 1 148
161 1 272
53 0 79
118 0 5
66 0 5
172 0 74
86 0 74
273 1 20
250 0 79
128 1 187
225 1 10
12 0 5
259 0 164
226 1 209
161 0 79
231 0 267
140 1 29
179 0 80
136 0 5
272 1 273
82 1 239
52 0 79
145 0 74
8 0 264
15 1 65
185 1 77
201 1 275
61 0 5
133 1 188
76 0 80
187 1 133
59 1 223
243 0 251
27 1 128
239 1 186
89 0 131
21 0 74
206 0 5
73 1 136
78 0 164
270 1 32
196 1 4
146 0 17
142 1 82
141 1 49
70 0 74
15 1 151
9 1 30
133 0 17
120 0 79
0 0 79
33 1 203
195 0 176
77 1 82
49 1 209
54 0 122
272 1 161
270 0 5
10 0 79
199 1 33
48 1 222
91 0 221
260 0 21
96 0 164
247 1 217
30 1 212
154 0 251
188 0 79
221 0 74
246 1 46
210 0 5
87 0 164
225 0 80
249 0 80
62 0 251
128 0 17
151 0 7
148 1 161
204 1 32
101 1 20
266 0 7
198 0 132
56 0 79
41 1 135
225 1 16
212 1 167
237 0 5
113 1 252
255 1 273
73 0 5
126 0 5
110 1 13
11 0 74
125 1 160
271 1 9
112 0 251
15 0 7
196 0 267
184 1 33
237 1 126
34 1 39
50 0 251
78 0 251
31 0 245
275 1 201
188 1 160
81 0 5
44 0 12
13 1 110
27 1 160
80 0 79
209 1 68
68 0 5
135 0 5
215 1 199
217 0 122
202 1 217
35 0 79
215 1 184
231 0 5
120 0 250
183 0 251
35 1 63
75 1 63
272 1 101
236 0 17
34 1 89
261 0 74
16 0 79
241 0 80
4 1 231
201 1 27
156 1 276
223 1 59
75 1 76
209 1 26
10 1 63
272 0 79
161 1 148
13 1 135
35 1 249
154 1 40
107 0 100
225 1 48
44 0 5
89 1 185
167 0 132
3 1 206
269 0 21
41 1 104
184 1 93
227 0 5
166 0 79
40 1 271
141 0 19
240 0 5
93 1 184
154 1 167
125 0 17
165 1 230
186 1 209
41 1 26
28 0 79
148 1 188
32 1 240
199 1 203
217 0 5
180 1 56
20 0 79
65 0 7
213 0 251
93 1 36
7 0 5
128 1 188
20 1 208
118 0 131
132 0 251
75 1 35
206 1 3
271 0 132
73 0 19
57 0 7
108 1 125
173 0 264
208 0 79
226 1 103
45 0 131
237 1 265
108 0 17
105 0 74
18 0 79
76 1 75
218 0 79
199 0 264
273 0 127
36 1 239
76 0 79
202 1 266
135 1 41
33 1 39
258 1 167
242 1 238
170 0 5
75 0 80
176 0 74
147 1 60
134 0 251
39 1 34
156 1 22
41 1 126
50 1 212
258 0 100
31 0 5
244 1 252
148 1 160
107 1 211
195 0 74
14 0 95
179 1 48
32 0 5
34 1 93
126 1 41
217 1 202
244 0 5
273 1 272
142 0 5
47 0 79
175 0 79
167 1 154
123 0 79
82 0 267
177 1 154
71 1 168
27 1 201
216 1 213
16 0 80
71 0 251
172 0 221
222 1 48
188 1 133
146 0 79
255 1 201
59 0 79
23 0 164
201 0 17
76 1 238
111 0 74
184 1 8
216 1 211
23 0 251
230 1 273
236 0 79
236 1 47
242 0 79
31 1 41
130 1 15
233 0 131
116 0 19
8 0 5
37 0 79
54 1 135
101 1 166
192 0 100
38 0 79
201 1 255
263 0 245
29 1 44
63 1 35
166 0 80
196 1 89
64 0 251
82 0 5
193 0 19
197 0 5
10 0 80
246 1 124
203 1 199
59 1 120
119 0 131
204 1 270
276 0 74
39 0 5
246 1 253
209 1 104
165 1 201
252 0 5
220 1 217
98 0 17
257 0 5
82 1 231
33 0 131
166 1 101
230 0 17
196 1 36
258 1 159
0 1 56
239 1 36
94 1 217
6 0 250
202 1 65
270 1 204
115 0 164
41 1 54
8 1 184
32 1 270
188 1 27
156 0 5
69 0 164
190 0 19
138 1 41
242 1 158
82 1 77
75 1 166
228 0 245
104 1 209
167 1 198
267 0 5
151 0 5
104 1 41
106 0 251
138 1 135
4 1 196
93 0 5
209 1 226
0 1 20
197 0 19
26 0 5
121 0 109
217 1 110
174 0 19
138 0 122
187 1 27
82 1 142
193 1 82
51 1 22
215 0 131
48 1 249
55 0 176
255 1 272
130 1 151
91 0 74
226 0 5
179 0 79
41 1 31
1 0 7
168 0 132
107 0 251
109 0 251
2 0 79
231 1 4
112 0 164
2 1 20
196 1 93
253 0 5
15 1 130
179 1 249
239 1 226
90 0 74
13 1 41
211 1 192
237 1 94
133 0 79
102 1 266
228 0 5
233 1 39
94 0 5
125 1 275
140 1 41
54 1 41
216 0 109
89 1 34
56 0 127
37 1 179
209 1 41
65 1 202
127 0 79
163 0 164
135 1 54
49 0 19
38 0 80
50 0 132
101 1 238
214 0 164
193 0 5
158 0 218
178 0 221
13 1 217
212 1 9
77 1 97
160 1 272
244 1 209
89 0 5
206 1 41
160 1 125
88 1 212
151 1 2
264 0 5
253 1 246
272 0 218
29 0 5
41 1 138
96 0 251
229 0 164
93 1 39
144 0 251
29 1 140
114 0 164
101 1 273
27 1 275
180 1 0
123 0 80
202 1 220
30 0 132
55 0 74
169 1 156
190 0 5
266 1 202
40 0 132
204 1 57
66 0 245
35 1 75
167 1 258
98 0 79
59 0 250
118 1 8
225 0 79
233 0 5
24 0 164
49 0 5
155 0 17
189 1 141
239 1 142
272 1 238
86 0 95
37 1 180
186 0 19
72 0 164
223 0 79
215 1 8
113 1 226
167 1 212
39 0 131
164 0 251
142 1 36
95 0 74
262 0 267
166 1 75
97 1 82
252 1 209
185 1 82
124 1 185
120 1 59
0 0 127
48 1 225
160 1 275
63 1 10
217 1 94
151 1 210
99 0 251
41 1 110
238 1 161
100 0 251
177 0 132
2 1 151
27 0 79
33 1 233
202 1 102
272 1 160
223 0 250
212 1 198
84 0 122
62 0 164
110 0 122
237 1 110
46 0 5
144 0 164
187 0 79
37 1 249
184 0 5
249 1 48
110 1 237
43 0 137
159 1 60
269 0 74
40 1 9
113 0 5
213 0 109
105 0 221
128 0 79
133 1 28
160 0 79
181 0 122
143 0 137
226 1 36
115 0 251
224 0 74
18 0 17
265 1 237
233 1 33
66 1 41
139 0 251
185 0 267
241 0 79
27 0 17
184 1 215
4 0 267
48 0 80
125 1 108
49 1 141
275 1 125
135 1 13
205 0 95
201 1 236
126 1 237
182 0 74
41 0 5
20 1 101
246 0 5
52 0 218
168 1 212
253 0 131
57 1 204
63 0 79
130 0 5
185 1 262
22 0 5
161 0 218
140 0 12
273 1 2
117 0 74
82 1 185
260 0 74
8 1 103
210 1 151
209 1 186
188 0 17
184 1 199
70 0 95
238 0 79
277 0 251
187 1 128
20 1 2
225 1 249
45 0 5
273 1 255
232 0 264
159 0 251
110 1 217
188 1 28
30 0 251
179 1 222
265 1 41
211 0 109
238 1 242
47 1 230
89 1 231
173 0 5
258 0 251
148 0 218
247 1 32
168 1 71
268 0 251
101 1 76
212 1 154
249 0 79
65 1 247
170 0 245
9 1 271
179 1 241
9 0 132
110 1 41
205 0 74
9 0 251
234 0 5
150 1 82
255 0 218
272 1 255
129 0 164
40 0 251
180 0 127
41 1 44
274 0 7
82 1 193
158 1 242
220 1 202
202 1 8
199 1 215
128 1 27
130 0 7
28 0 250
102 0 5
6 0 79
148 1 6
266 0 5
59 1 187
271 1 212
252 1 113
154 1 177
11 0 176
8 1 118
92 0 109
126 1 265
84 0 5
266 1 220
187 1 188
141 0 5
220 0 7
238 1 158
217 1 266
139 0 164
63 1 75
215 0 5
41 1 68
6 1 28
229 0 251
241 1 179
171 0 74
208 1 0
173 1 103
60 1 159
16 1 225
198 1 167
230 1 165
220 1 266
178 0 74
157 0 74
53 0 17
177 0 251
231 1 89
126 0 162
239 1 113
15 1 247
166 1 20
6 1 148
67 0 164
17 0 79
248 1 192
192 1 248
209 1 113
113 1 209
192 1 147
147 1 192
49 1 189
189 1 49
160 1 108
108 1 160
68 1 237
237 1 68
35 1 166
166 1 35
186 1 113
113 1 186
167 1 177
177 1 167
196 1 82
82 1 196
203 1 118
118 1 203
27 1 108
108 1 27
68 1 94
94 1 68
135 1 3
3 1 135
147 1 248
248 1 147
249 1 0
0 1 249
29 1 51
51 1 29
202 1 247
247 1 202
184 1 39
39 1 184
252 1 186
186 1 252
0 1 166
166 1 0
59 1 133
133 1 59
67 1 62
62 1 67
141 1 209
209 1 141
246 1 185
185 1 246
215 1 118
118 1 215
161 1 242
242 1 161
220 1 209
209 1 220
110 1 126
126 1 110
71 1 212
212 1 71
94 1 110
110 1 94
93 1 103
103 1 93
184 1 233
233 1 184
6 1 59
59 1 6
48 1 256
256 1 48
196 1 34
34 1 196
71 1 88
88 1 71
35 1 10
10 1 35
0 1 37
37 1 0
166 1 76
76 1 166
203 1 215
215 1 203
184 1 103
103 1 184
209 1 102
102 1 209
275 1 255
255 1 275
32 1 1
1 1 32
160 1 255
255 1 160
51 1 44
44 1 51
107 1 192
192 1 107
206 1 44
44 1 206
89 1 45
45 1 89